#Atom       AtomicFlx
 150.000       1.3598
 171.000       1.4116
 195.000       1.8192
 207.000       1.6153
 226.000       1.4782
 251.000       1.6111
 265.000       1.5848
 271.000       1.6190
 286.000       1.2576
 296.000       1.1462
 320.000       1.3537
 332.000       1.2117
 352.000       0.9179
 371.000       1.0685
 388.000       1.2887
 402.000       1.2141
 421.000       1.5555
 432.000       1.6142
 444.000       1.4773
 451.000       1.1050
 463.000       1.1158
 485.000       1.0818
 499.000       0.8247
 515.000       0.8566
 534.000       1.0960
 556.000       1.0311
 571.000       1.0215
 587.000       1.2805
 607.000       1.5491
 629.000       1.6411
 639.000       1.6945
 654.000       1.9653
 660.000       1.8846
 681.000       2.4344
 703.000       2.0607
 717.000       1.6098
 731.000       1.3753
 746.000       1.4944
 761.000       1.1736
 772.000       0.9101
 791.000       1.2452
 801.000       1.1801
 811.000       0.8440
 830.000       1.1277
 852.000       1.4368
 874.000       1.2354
 896.000       1.1991
 915.000       1.4118
 921.000       1.4421
 936.000       1.1222
 955.000       0.9313
 962.000       1.1469
 972.000       1.2340
 994.000       0.8983
1010.000       0.8501
1025.000       1.1450
1047.000       1.1728
1066.000       0.9336
1083.000       0.9488
1093.000       1.1540
1110.000       1.1775
1126.000       1.0210
1148.000       0.9609
1159.000       0.9250
1181.000       0.9231
1200.000       1.0385
1210.000       1.0078
1220.000       0.8792
1239.000       1.0827
1254.000       1.1577
1260.000       0.9452
1275.000       0.7263
1285.000       0.8539
1307.000       0.9860
1314.000       0.7589
1334.000       0.7562
1344.000       0.9624
1359.000       0.9441
1381.000       0.8014
1392.000       0.9173
1411.000       1.0524
1426.000       1.0541
1445.000       1.0873
1455.000       1.2038
1479.000       1.1461
1486.000       0.9239
1505.000       1.1635
1527.000       1.2863
1537.000       1.4170
1561.000       1.7066
1582.000       2.3966
1603.000       2.3984
1617.000       3.4641
1624.000       2.4597
1638.000       1.5987
1661.000       1.1628
1667.000       1.2344
1681.000       1.2111
1703.000       1.2571
1715.000       1.0775
1727.000       0.8984
1746.000       0.9678
1768.000       1.0213
1778.000       0.8716
1789.000       0.7634
1805.000       0.8772
1827.000       0.8974
1842.000       0.7216
1858.000       0.8043
1877.000       0.9643
1899.000       0.8083
1918.000       0.7027
1939.000       0.9566
1961.000       1.0168
1971.000       0.8420
1988.000       0.9231
1999.000       0.9769
2011.000       0.9207
2021.000       0.7169
2028.000       0.6941
2050.000       0.8444
2060.000       0.7772
2072.000       0.7221
2092.000       0.8816
2099.000       1.0130
2121.000       0.9719
2138.000       0.9714
2166.000       1.1268
2172.000       1.2792
2192.000       1.0032
2211.000       0.8982
2221.000       1.1125
2243.000       0.9926
2259.000       0.9072
2279.000       1.2009
