#Atom       AtomicFlx
  92.000       0.4673
 114.000       0.4278
 130.000       0.4942
 142.000       0.4926
 166.000       0.4800
 180.000       0.4547
 195.000       0.4671
 209.000       0.4484
 230.000       0.6112
 245.000       0.6158
 267.000       0.5282
 287.000       0.5835
 304.000       0.6735
 319.000       0.7273
 341.000       0.8406
 358.000       0.9536
 365.000       0.9189
 384.000       1.1855
 398.000       1.1873
 414.000       1.3132
 430.000       1.0906
 452.000       0.8594
 476.000       1.0898
 498.000       1.0817
 517.000       0.8260
 524.000       0.8512
 534.000       0.7674
 551.000       0.5310
 563.000       0.5972
 577.000       0.4916
 596.000       0.5311
 618.000       0.5816
 637.000       0.5548
 651.000       0.5520
 670.000       0.6759
 684.000       0.7035
 701.000       0.8955
 716.000       1.0907
 723.000       0.8058
 737.000       0.5896
 759.000       0.5105
 779.000       0.5805
 793.000       0.5688
 809.000       0.6015
 831.000       0.5991
 846.000       0.6150
 857.000       0.6170
 868.000       0.7634
 882.000       1.0721
 902.000       1.0691
 926.000       0.9410
 940.000       0.8873
 959.000       0.7064
 971.000       0.6672
 987.000       0.5987
1003.000       0.5500
1023.000       0.5141
1038.000       0.4853
1057.000       0.5589
1064.000       0.5923
1080.000       0.5661
1092.000       0.5601
1112.000       0.6803
1122.000       0.6265
1143.000       0.6929
1154.000       0.8491
1173.000       1.1580
1183.000       1.3513
1195.000       1.2658
1202.000       0.9109
1216.000       0.7380
1231.000       0.6580
1250.000       0.5518
1264.000       0.8192
1271.000       0.4865
1285.000       0.4138
1309.000       0.4490
1323.000       0.6275
1340.000       0.9429
1355.000       1.3430
1362.000       1.2852
1376.000       0.7130
1398.000       0.4735
1417.000       0.4434
1433.000       0.6297
1440.000       0.5879
1462.000       0.5930
1482.000       0.5888
1504.000       0.7296
1528.000       1.0058
1544.000       1.3247
1556.000       1.2675
1570.000       0.8912
1577.000       0.7605
1599.000       0.6401
1614.000       0.5779
1633.000       0.5268
1652.000       0.5315
1662.000       0.4594
1678.000       0.5128
1702.000       0.5303
1717.000       0.6668
1736.000       0.8921
1747.000       1.0444
1754.000       0.8711
1768.000       0.5184
1783.000       0.4378
1802.000       0.4576
1821.000       0.4408
1838.000       0.4159
1852.000       0.4933
1873.000       0.4962
1887.000       0.5648
1908.000       0.7415
1923.000       0.9396
1930.000       0.5591
1946.000       0.4999
1961.000       0.3988
1971.000       0.4064
1993.000       0.4012
