#Atom       AtomicFlx
  92.000       0.5771
 114.000       0.5100
 130.000       0.5722
 142.000       0.5774
 166.000       0.5810
 180.000       0.5268
 195.000       0.5467
 209.000       0.5699
 230.000       0.7491
 245.000       0.7018
 267.000       0.6137
 287.000       0.7145
 304.000       0.8045
 319.000       0.8530
 341.000       0.9986
 358.000       1.1296
 365.000       1.1044
 384.000       1.3969
 398.000       1.3797
 414.000       1.5078
 430.000       1.2408
 452.000       0.9924
 476.000       1.2699
 498.000       1.3714
 517.000       1.4814
 524.000       1.3401
 534.000       0.9799
 551.000       0.7212
 563.000       0.7400
 577.000       0.6488
 596.000       0.6837
 618.000       0.6837
 637.000       0.6561
 651.000       0.6366
 670.000       0.7647
 684.000       0.7806
 701.000       1.0597
 716.000       1.2467
 723.000       0.9385
 737.000       0.6855
 759.000       0.5971
 779.000       0.7263
 793.000       0.6912
 809.000       0.7512
 831.000       0.8089
 846.000       0.8441
 857.000       0.8489
 868.000       0.9712
 882.000       1.3568
 902.000       1.3256
 926.000       1.1890
 940.000       1.2492
 959.000       1.0582
 971.000       1.0070
 987.000       0.8821
1003.000       0.7630
1023.000       0.6300
1038.000       0.5763
1057.000       0.7555
1064.000       0.9166
1080.000       0.8726
1092.000       0.8159
1112.000       0.9644
1122.000       1.2129
1143.000       1.3108
1154.000       1.6261
1173.000       2.0642
1183.000       2.1361
1195.000       1.7756
1202.000       1.4779
1216.000       1.1512
1231.000       0.9137
1250.000       0.7675
1264.000       0.6849
1271.000       0.7274
1285.000       0.5797
1309.000       0.5270
1323.000       0.7091
1340.000       1.2582
1355.000       1.6721
1362.000       1.4371
1376.000       0.7702
1398.000       0.5613
1417.000       0.6001
1433.000       0.8397
1440.000       0.6468
1462.000       0.6508
1482.000       0.7970
1504.000       1.0746
1528.000       1.4613
1544.000       1.7610
1556.000       1.6007
1570.000       1.3734
1577.000       1.0731
1599.000       0.8461
1614.000       0.7133
1633.000       0.6053
1652.000       0.6879
1662.000       0.6179
1678.000       0.5573
1702.000       0.5614
1717.000       0.7525
1736.000       1.0857
1747.000       1.5039
1754.000       1.0143
1768.000       0.5933
1783.000       0.4949
1802.000       0.5007
1821.000       0.4969
1838.000       0.5138
1852.000       0.6207
1873.000       0.6961
1887.000       0.7574
1908.000       0.9012
1923.000       1.1354
1930.000       0.6519
1946.000       0.6144
1961.000       0.4834
1971.000       0.4674
1993.000       0.4711
