Frame	Volume
1	1190.03
2	1196.76
3	1197.77
4	1198.1
5	1196.68
6	1193.42
7	1194.82
8	1193.84
9	1193.54
10	1193.98
11	1196.61
12	1194.14
13	1197.45
14	1194.57
15	1193.92
16	1194.84
17	1192.34
18	1197.62
19	1197.09
20	1194.53
21	1193.44
22	1195.11
23	1195.05
24	1195.37
25	1195.06
26	1195.36
27	1195.66
28	1195
29	1195.1
30	1196.45
31	1195.28
32	1196.6
33	1195.28
34	1195.91
35	1195.09
36	1196.41
37	1196.02
38	1194.02
39	1195.14
40	1194.06
41	1195.12
42	1194.52
43	1195.57
44	1195.15
45	1195.01
46	1194.89
47	1196.7
48	1195.32
49	1196.16
50	1195.17
51	1194.99
52	1195.51
53	1195.2
54	1195.71
55	1194.06
56	1195.21
57	1194.69
58	1194.3
59	1194.53
60	1195.41
61	1196.01
62	1196.2
63	1195.53
64	1195.76
65	1195.3
66	1194.73
67	1194.59
68	1195.52
69	1195.5
70	1195.27
71	1195.19
72	1195.51
73	1195.9
74	1196.05
75	1195.19
76	1194.69
77	1195.32
78	1194.53
79	1195.62
80	1195.2
81	1195.14
82	1195.46
83	1195.42
84	1194.61
85	1194.49
86	1194.97
87	1195.12
88	1195.48
89	1194.83
90	1195.22
91	1195.36
92	1195.05
93	1195.41
94	1195.31
95	1195.12
96	1194.87
97	1194.87
98	1194.67
99	1194.98
100	1195.57
101	1195.09
102	1195.57
103	1195.45
104	1195
105	1195.04
106	1195.35
107	1196
108	1195.44
109	1194.8
110	1195.37
111	1195.37
112	1195.26
113	1194.88
114	1195.47
115	1195.41
116	1195.03
117	1195.49
118	1195.33
119	1194.8
120	1195.04
121	1195.44
122	1195.09
123	1195.38
124	1194.93
125	1195.31
126	1195.04
127	1195.18
128	1195.49
129	1195.38
130	1195.17
131	1195.59
132	1194.86
133	1195.01
134	1195.04
135	1195.26
136	1195.38
137	1195.08
138	1195.44
139	1195.32
140	1195.53
141	1195.67
142	1195.25
143	1195.16
144	1195.47
145	1194.93
146	1195.08
147	1195.41
148	1194.99
149	1195.34
150	1195.16
151	1195.57
152	1195.05
153	1195.01
154	1195.29
155	1195.23
156	1195.33
157	1195.24
158	1195.31
159	1195.43
160	1195.24
161	1194.9
162	1195.19
163	1195.74
164	1195.4
165	1195.42
166	1195.18
167	1195.37
168	1195.31
169	1195.46
170	1195.16
171	1195.32
172	1195.28
173	1195.1
174	1195.57
175	1195.04
176	1195.41
177	1195.1
178	1195.07
179	1195.28
180	1195.32
181	1194.94
182	1195.5
183	1195.46
184	1195.21
185	1195.35
186	1195.26
187	1195.34
188	1195.51
189	1195.43
190	1195.13
191	1195.34
192	1195.34
193	1195.18
194	1195.22
195	1195.34
196	1195.19
197	1195.56
198	1195.32
199	1195.19
200	1195.18
201	1195.28
202	1195.15
203	1195.16
204	1195.2
205	1195.18
206	1195.13
207	1195.12
208	1195.08
209	1195.13
210	1195.03
211	1195.28
212	1195.14
213	1195.11
214	1195.19
215	1195.25
216	1195.28
217	1195.07
218	1195.19
219	1194.89
220	1195.23
221	1195.25
222	1195.43
223	1195.03
224	1195.38
225	1195.16
226	1195.31
227	1195.32
228	1195.25
229	1195.35
230	1195.09
231	1195.12
232	1195.36
233	1195.43
234	1195.03
235	1195.19
236	1195.17
237	1195.18
238	1195.24
239	1195.19
240	1195.39
241	1195.25
242	1195.14
243	1195.28
244	1195.31
245	1195.29
246	1195.24
247	1195.29
248	1195.23
249	1195.29
250	1195.27
251	1195.42
252	1195.23
253	1195.26
254	1195.32
255	1195.3
256	1195.31
257	1195.26
258	1195.14
259	1195.21
260	1195.25
261	1195.2
262	1195.19
263	1195.27
264	1195.26
265	1195.27
266	1195.22
267	1195.32
268	1195.24
269	1195.24
270	1195.22
271	1195.23
272	1195.12
273	1195.18
274	1195.21
275	1195.36
276	1195.32
277	1195.14
278	1195.28
279	1195.25
280	1195.28
281	1195.13
282	1195.31
283	1195.15
284	1195.2
285	1195.28
286	1195.19
287	1195.23
288	1195.32
289	1195.31
290	1195.22
291	1195.23
292	1195.38
293	1195.22
294	1195.28
295	1195.27
296	1195.18
297	1195.21
298	1195.14
299	1195.19
300	1195.24
301	1195.24
302	1195.23
303	1195.34
304	1195.26
305	1195.24
306	1195.43
307	1195.34
308	1195.2
309	1195.32
310	1195.29
311	1195.2
312	1195.22
313	1195.17
314	1195.27
315	1195.22
316	1195.27
317	1195.22
318	1195.29
319	1195.24
320	1195.17
321	1195.21
322	1195.24
323	1195.19
324	1195.29
325	1195.2
326	1195.25
327	1195.25
328	1195.16
329	1195.23
330	1195.32
331	1195.24
332	1195.12
333	1195.26
334	1195.28
335	1195.33
336	1195.25
337	1195.23
338	1195.24
339	1195.26
340	1195.22
341	1195.28
342	1195.22
343	1195.17
344	1195.24
345	1195.2
346	1195.23
347	1195.24
348	1195.25
349	1195.23
350	1195.34
351	1195.27
352	1195.26
353	1195.24
354	1195.22
