Frame	Volume
1	950.293
2	980.975
3	974.962
4	955.476
5	971.644
6	971.635
7	977.283
8	972.266
9	970.274
10	975.706
11	973.027
12	971.701
13	971.173
14	970.621
15	972.013
16	973.016
17	972.746
18	970.18
19	973.651
20	973.334
21	971.822
22	973.822
23	972.475
24	973.281
25	971.885
26	972.908
27	972.345
28	972.202
29	971.799
30	972.316
31	972.317
32	972.641
33	972.384
34	973.414
35	973.642
36	973.461
37	973.505
38	974.339
39	971.459
40	973.833
41	972.307
42	972.591
43	972.929
44	972.377
45	972.618
46	974.441
47	973.535
48	972.862
49	973.461
50	972.32
51	971.92
52	973.471
53	972.816
54	972.443
55	971.819
56	971.061
57	973.527
58	973.037
59	972.769
60	972.141
61	971.78
62	972.63
63	972.473
64	972.382
65	973.068
66	972.259
67	973.308
68	972.645
69	971.798
70	972.925
71	971.932
72	973.238
73	972.228
74	971.552
75	973.055
76	972.973
77	972.396
78	971.751
79	972.609
80	973.011
81	972.369
82	972.207
83	972.399
84	972.156
85	972.34
86	971.935
87	972.437
88	972.662
89	973.089
90	973.177
91	972.675
92	972.374
93	972.848
94	972.648
95	972.499
96	972.464
97	972.561
98	972.292
99	972.701
100	972.115
101	972.388
102	972.31
103	972.389
104	972.778
105	972.424
106	972.484
107	972.593
108	972.532
109	972.54
110	972.505
111	972.588
112	972.55
113	972.682
114	972.565
115	972.501
116	972.559
117	972.574
118	972.345
119	972.577
120	972.132
121	972.552
122	972.243
123	973.085
124	972.75
125	972.224
126	972.611
127	972.276
128	972.488
129	972.636
130	972.212
131	972.555
132	972.307
133	972.617
134	972.092
135	972.81
136	972.441
137	972.646
138	972.291
139	972.293
140	972.623
141	972.687
142	972.814
143	972.926
144	972.4
145	972.523
146	972.249
147	972.6
148	972.45
149	972.595
150	972.645
151	972.858
152	972.219
153	972.153
154	972.58
155	972.615
156	972.476
157	972.601
158	972.35
159	972.641
160	972.321
161	972.384
162	972.45
163	972.644
164	972.728
165	972.674
166	972.404
167	972.558
168	972.447
169	972.722
170	972.486
171	972.616
172	972.465
173	972.337
174	972.655
175	972.436
176	972.472
177	972.518
178	972.411
179	972.607
180	972.61
181	972.46
182	972.481
183	972.292
184	972.504
185	972.554
186	972.429
187	972.693
188	972.46
189	972.513
190	972.512
191	972.627
192	972.576
193	972.643
194	972.495
195	972.577
196	972.494
197	972.696
198	972.515
199	972.384
200	972.574
201	972.287
202	972.367
203	972.391
204	972.441
205	972.322
206	972.615
207	972.466
208	972.652
209	972.455
210	972.408
211	972.66
212	972.497
213	972.4
214	972.287
215	972.525
216	972.42
217	972.453
218	972.247
219	972.574
220	972.531
221	972.562
222	972.467
223	972.544
224	972.667
225	972.332
226	972.42
227	972.516
228	972.314
229	972.282
230	972.577
231	972.744
232	972.563
233	972.28
234	972.599
235	972.491
236	972.631
237	972.737
238	972.418
239	972.646
240	972.715
241	972.451
242	972.406
243	972.521
244	972.547
245	972.469
246	972.445
247	972.515
248	972.48
249	972.45
250	972.43
251	972.355
252	972.608
253	972.487
254	972.467
255	972.446
256	972.582
257	972.513
258	972.477
259	972.513
260	972.479
261	972.498
262	972.395
263	972.36
264	972.439
265	972.672
266	972.519
267	972.494
268	972.489
269	972.536
270	972.326
271	972.498
272	972.426
273	972.554
274	972.481
275	972.536
276	972.588
277	972.463
278	972.487
279	972.488
280	972.444
281	972.474
282	972.576
283	972.523
284	972.517
285	972.583
286	972.577
287	972.489
288	972.467
289	972.531
290	972.612
291	972.549
292	972.49
293	972.445
294	972.486
295	972.542
296	972.519
297	972.521
298	972.505
299	972.471
300	972.491
301	972.531
302	972.522
303	972.524
304	972.466
305	972.5
306	972.484
307	972.499
308	972.548
309	972.509
310	972.534
311	972.505
312	972.454
313	972.464
314	972.516
315	972.47
316	972.471
317	972.514
318	972.439
319	972.449
320	972.529
321	972.418
322	972.547
323	972.477
324	972.421
325	972.423
326	972.505
327	972.483
328	972.459
329	972.598
330	972.575
331	972.487
332	972.446
333	972.474
334	972.541
335	972.518
336	972.475
337	972.48
338	972.481
339	972.51
340	972.409
341	972.486
342	972.592
343	972.564
344	972.481
345	972.476
346	972.476
347	972.498
348	972.525
349	972.602
350	972.502
351	972.497
352	972.507
353	972.443
354	972.478
