Frame	Volume
1	438.818
2	441.689
3	435.24
4	434.16
5	435.835
6	434.024
7	436.279
8	434.54
9	434.683
10	435.063
11	435.015
12	434.658
13	433.939
14	437.026
15	436.705
16	435.073
17	435.949
18	436.828
19	437.352
20	436.779
21	436.053
22	435.177
23	436.096
24	436.187
25	434.438
26	434.972
27	435.181
28	435.857
29	435.783
30	435.947
31	435.452
32	436.111
33	435.493
34	435.358
35	435.542
36	436.26
37	434.876
38	436.486
39	435.881
40	435.22
41	434.689
42	435.689
43	435.116
44	435.21
45	435.489
46	436.122
47	436.628
48	435.581
49	435.292
50	435.076
51	436.156
52	435.149
53	436.046
54	435.427
55	435.717
56	435.26
57	435.003
58	436.124
59	435.06
60	435.489
61	435.408
62	436.008
63	436.174
64	435.578
65	435.832
66	435.531
67	435.577
68	435.795
69	435.626
70	435.388
71	435.314
72	435.658
73	435.534
74	435.69
75	435.632
76	435.143
77	435.399
78	435.049
79	435.455
80	435.95
81	435.562
82	435.821
83	435.195
84	435.809
85	435.403
86	435.77
87	435.547
88	435.646
89	435.82
90	435.609
91	435.494
92	435.876
93	435.433
94	435.219
95	435.622
96	435.524
97	435.908
98	435.416
99	435.667
100	435.348
101	435.529
102	435.553
103	435.804
104	435.675
105	435.534
106	435.407
107	435.479
108	435.638
109	435.845
110	435.633
111	435.67
112	435.229
113	435.35
114	435.406
115	435.941
116	435.644
117	435.525
118	435.735
119	435.48
120	435.628
121	435.317
122	435.737
123	435.739
124	435.41
125	435.528
126	435.344
127	435.668
128	435.554
129	435.257
130	435.631
131	435.536
132	435.62
133	435.586
134	435.733
135	435.682
136	435.485
137	435.521
138	435.554
139	435.517
140	435.512
141	435.576
142	435.66
143	435.657
144	435.614
145	435.423
146	435.645
147	435.484
148	435.407
149	435.658
150	435.684
151	435.649
152	435.584
153	435.452
154	435.428
155	435.646
156	435.485
157	435.509
158	435.407
159	435.54
160	435.425
161	435.547
162	435.667
163	435.543
164	435.724
165	435.602
166	435.681
167	435.584
168	435.452
169	435.424
170	435.628
171	435.59
172	435.472
173	435.414
174	435.64
175	435.554
176	435.707
177	435.466
178	435.506
179	435.65
180	435.727
181	435.49
182	435.493
183	435.65
184	435.463
185	435.655
186	435.435
187	435.522
188	435.619
189	435.516
190	435.725
191	435.559
192	435.542
193	435.554
194	435.515
195	435.555
196	435.531
197	435.587
198	435.446
199	435.414
200	435.619
201	435.479
202	435.593
203	435.448
204	435.577
205	435.714
206	435.648
207	435.561
208	435.523
209	435.561
210	435.557
211	435.631
212	435.57
213	435.555
214	435.461
215	435.535
216	435.516
217	435.547
218	435.605
219	435.618
220	435.531
221	435.596
222	435.732
223	435.603
224	435.449
225	435.562
226	435.683
227	435.439
228	435.814
229	435.49
230	435.465
231	435.587
232	435.472
233	435.604
234	435.684
235	435.425
236	435.47
237	435.378
238	435.536
239	435.515
240	435.665
241	435.648
242	435.672
243	435.57
244	435.447
245	435.529
246	435.397
247	435.62
248	435.387
249	435.523
250	435.538
251	435.586
252	435.591
253	435.623
254	435.552
255	435.598
256	435.59
257	435.671
258	435.529
259	435.592
260	435.583
261	435.428
262	435.492
263	435.567
264	435.683
265	435.576
266	435.58
267	435.489
268	435.537
269	435.574
270	435.447
271	435.619
272	435.566
273	435.547
274	435.599
275	435.55
276	435.567
277	435.63
278	435.485
279	435.586
280	435.595
281	435.568
282	435.534
283	435.514
284	435.532
285	435.581
286	435.559
287	435.527
288	435.639
289	435.538
290	435.566
291	435.57
292	435.578
293	435.576
294	435.568
295	435.543
296	435.546
297	435.543
298	435.539
299	435.546
300	435.49
301	435.589
302	435.542
303	435.572
304	435.62
305	435.581
306	435.598
307	435.585
308	435.575
309	435.571
310	435.544
311	435.596
312	435.524
313	435.541
314	435.53
315	435.54
316	435.559
317	435.501
318	435.556
319	435.606
320	435.628
321	435.505
322	435.608
323	435.582
324	435.579
325	435.526
326	435.506
327	435.575
328	435.565
329	435.581
330	435.571
331	435.651
332	435.551
333	435.583
334	435.582
335	435.547
336	435.551
337	435.553
338	435.575
339	435.596
340	435.522
341	435.539
342	435.516
343	435.615
344	435.522
345	435.561
346	435.553
347	435.491
348	435.537
349	435.541
350	435.542
351	435.515
352	435.519
353	435.563
354	435.567
