Frame	Volume
1	858.17
2	858.242
3	853.422
4	847.776
5	848.948
6	849.05
7	851.476
8	848.723
9	851.356
10	849.545
11	848.715
12	850.539
13	850.471
14	848.964
15	844.982
16	850.527
17	852.058
18	851.714
19	848.595
20	849.822
21	848.983
22	847.193
23	851.338
24	849.822
25	847.886
26	851.878
27	850.288
28	850.918
29	848.576
30	847.765
31	849.354
32	849.833
33	848.462
34	849.53
35	848.675
36	850.934
37	849.993
38	850.066
39	851.431
40	851.335
41	848.728
42	849.517
43	850.292
44	849.924
45	850.263
46	850.349
47	850.461
48	848.587
49	848.961
50	850.215
51	849.86
52	850.216
53	851.015
54	849.92
55	849.512
56	850.398
57	850.085
58	849.758
59	849.686
60	850.003
61	849.85
62	849.353
63	850.669
64	849.99
65	849.888
66	849.687
67	850.411
68	849.695
69	850.143
70	850.1
71	849.089
72	850.306
73	849.391
74	850.148
75	849.958
76	849.817
77	849.92
78	849.893
79	849.635
80	849.825
81	849.847
82	850.279
83	849.925
84	849.602
85	849.617
86	849.685
87	849.4
88	849.931
89	850.251
90	849.613
91	849.574
92	849.278
93	849.273
94	850.035
95	849.878
96	849.548
97	850.3
98	850.157
99	849.586
100	849.591
101	849.868
102	850.43
103	850.216
104	850.15
105	849.876
106	849.392
107	850.32
108	849.601
109	849.837
110	849.904
111	850.489
112	849.993
113	849.924
114	850.19
115	849.914
116	849.848
117	849.76
118	849.954
119	849.436
120	849.92
121	850.155
122	849.978
123	849.676
124	849.855
125	849.947
126	849.912
127	849.927
128	849.703
129	849.659
130	850.228
131	849.312
132	849.703
133	849.131
134	850.046
135	850.309
136	849.669
137	850.007
138	849.763
139	850.132
140	849.888
141	849.852
142	849.882
143	849.961
144	849.728
145	849.824
146	849.787
147	849.808
148	849.769
149	849.948
150	850.053
151	850.202
152	850.308
153	849.995
154	849.821
155	849.945
156	850.138
157	849.702
158	849.905
159	849.946
160	849.65
161	849.817
162	849.716
163	849.938
164	850.206
165	849.56
166	849.952
167	849.678
168	849.984
169	850.024
170	850.085
171	850.22
172	850.092
173	849.997
174	850.142
175	850.267
176	849.767
177	849.974
178	849.796
179	849.721
180	849.944
181	849.813
182	849.903
183	849.922
184	850.092
185	849.912
186	849.769
187	849.842
188	849.58
189	849.715
190	849.851
191	849.986
192	850.034
193	850.022
194	849.978
195	849.865
196	849.697
197	850.028
198	849.929
199	850.19
200	850.171
201	850.013
202	850.006
203	849.851
204	849.848
205	849.963
206	849.954
207	849.776
208	849.823
209	850.138
210	850.021
211	850.006
212	849.985
213	849.903
214	850.081
215	850.296
216	849.775
217	849.906
218	849.84
219	849.873
220	850.084
221	850.016
222	849.922
223	849.952
224	849.601
225	850.079
226	849.848
227	849.422
228	849.875
229	849.856
230	850.06
231	849.753
232	850.067
233	850.178
234	849.848
235	849.96
236	849.975
237	849.739
238	849.884
239	849.979
240	850.055
241	849.934
242	850.13
243	849.918
244	850.014
245	849.934
246	849.711
247	850.113
248	849.808
249	850.197
250	849.868
251	849.983
252	849.929
253	850.046
254	849.954
255	849.862
256	849.966
257	850.249
258	849.998
259	849.532
260	849.857
261	849.864
262	849.712
263	849.987
264	849.916
265	849.903
266	850.015
267	849.86
268	849.88
269	849.906
270	849.824
271	850.106
272	850.082
273	849.868
274	850.126
275	849.991
276	849.868
277	849.966
278	849.845
279	849.804
280	849.958
281	850.041
282	849.935
283	849.822
284	849.736
285	849.865
286	849.918
287	849.97
288	849.91
289	849.863
290	849.93
291	850.006
292	849.796
293	849.923
294	849.977
295	849.9
296	849.846
297	849.946
298	849.912
299	849.889
300	849.941
301	849.938
302	849.9
303	849.854
304	849.96
305	849.996
306	849.785
307	849.826
308	849.952
309	850.028
310	849.904
311	849.856
312	849.902
313	849.932
314	849.909
315	849.951
316	849.9
317	849.87
318	849.894
319	849.955
320	849.943
321	849.921
322	849.827
323	849.913
324	849.947
325	849.891
326	849.877
327	849.954
328	849.945
329	849.96
330	849.953
331	849.919
332	849.992
333	849.909
334	849.932
335	849.956
336	850.007
337	849.981
338	849.862
339	849.889
340	849.903
341	849.896
342	849.918
343	849.895
344	849.939
345	849.976
346	849.949
347	849.936
348	849.963
349	850.037
350	849.886
351	849.862
352	849.917
353	849.864
354	849.918
355	849.958
356	849.93
357	849.925
358	849.944
359	849.908
360	849.88
361	849.861
362	849.938
363	849.942
364	849.896
365	849.92
366	849.926
367	849.915
368	849.839
369	849.928
370	849.856
371	849.91
372	849.873
373	849.846
374	850.022
375	849.957
376	849.972
377	849.92
378	849.898
379	849.939
380	849.929
381	849.965
382	849.925
383	850.003
384	849.95
385	849.864
386	849.878
387	849.984
388	849.869
389	849.925
390	849.897
391	849.851
392	849.846
393	849.876
394	849.957
395	849.917
396	849.982
397	849.919
398	849.887
399	849.81
