Frame	Volume
1	592.831
2	596.575
3	594.218
4	594.032
5	595.704
6	595.731
7	596.406
8	592.505
9	594.196
10	594.423
11	595.064
12	593.399
13	594.685
14	596.743
15	596.55
16	596.376
17	596.129
18	596.014
19	594.023
20	595.063
21	594.213
22	594.328
23	595.354
24	595.156
25	594.237
26	594.749
27	595.461
28	594.468
29	595.13
30	594.136
31	595.523
32	593.957
33	594.711
34	595.583
35	595.39
36	595.44
37	594.108
38	594.274
39	595.512
40	594.491
41	594.468
42	595.18
43	594.599
44	595.06
45	594.407
46	595.193
47	594.98
48	595.525
49	594.212
50	594.01
51	594.828
52	594.522
53	595.244
54	594.992
55	594.692
56	595.46
57	594.689
58	595.248
59	594.669
60	595.141
61	595.18
62	594.949
63	594.998
64	594.335
65	595.61
66	594.998
67	594.474
68	594.662
69	595.252
70	594.874
71	595.623
72	594.873
73	593.927
74	595.012
75	595.008
76	594.907
77	594.29
78	594.631
79	594.722
80	595.158
81	594.975
82	594.917
83	594.824
84	594.984
85	594.967
86	595.089
87	594.554
88	594.827
89	594.845
90	594.881
91	595.347
92	595.076
93	594.881
94	595.044
95	594.858
96	595.033
97	594.811
98	594.98
99	595.058
100	594.734
101	595.285
102	594.993
103	594.761
104	595.03
105	595.119
106	594.773
107	594.914
108	594.575
109	595.046
110	594.877
111	594.998
112	595.088
113	595.105
114	594.724
115	595.225
116	594.969
117	595.05
118	594.626
119	594.797
120	594.877
121	595.06
122	594.736
123	594.834
124	594.665
125	594.776
126	594.82
127	594.949
128	595.184
129	594.89
130	594.796
131	594.632
132	595.064
133	594.889
134	595.06
135	595.002
136	594.903
137	594.892
138	594.902
139	594.813
140	594.92
141	595.007
142	594.792
143	594.975
144	594.854
145	595.11
146	594.973
147	595.143
148	595.231
149	594.91
150	595.019
151	595.308
152	594.849
153	594.68
154	594.915
155	595.137
156	594.952
157	595.046
158	594.969
159	594.893
160	594.995
161	594.818
162	594.864
163	594.975
164	594.834
165	594.965
166	595.101
167	595.322
168	594.762
169	594.603
170	594.96
171	594.862
172	594.818
173	594.816
174	594.689
175	594.881
176	594.702
177	595.235
178	595.206
179	594.898
180	595.003
181	594.982
182	595.051
183	594.844
184	594.779
185	595.096
186	595.094
187	594.996
188	595.065
189	594.915
190	595.21
191	594.676
192	594.699
193	594.679
194	594.852
195	595.013
196	594.852
197	594.905
198	594.947
199	594.799
200	594.799
201	594.964
202	594.941
203	594.889
204	594.804
205	595.107
206	594.977
207	594.988
208	595.017
209	594.88
210	594.819
211	594.811
212	594.955
213	594.851
214	594.813
215	594.887
216	594.988
217	594.884
218	594.867
219	594.795
220	594.949
221	594.919
222	594.907
223	594.86
224	594.835
225	595.134
226	594.93
227	594.614
228	594.727
229	594.853
230	594.864
231	594.883
232	594.944
233	594.976
234	594.898
235	594.843
236	594.817
237	594.909
238	594.946
239	594.864
240	594.832
241	594.924
242	594.887
243	594.91
244	594.923
245	594.887
246	594.978
247	594.914
248	594.776
249	594.92
250	594.926
251	594.795
252	595.065
253	594.945
254	594.86
255	594.913
256	594.855
257	594.968
258	594.876
259	594.905
260	594.956
261	594.948
262	594.94
263	594.898
264	594.937
265	594.825
266	594.89
267	594.952
268	594.97
269	594.976
270	594.964
271	594.865
272	594.916
273	594.862
274	594.85
275	594.942
276	594.91
277	594.864
278	594.995
279	594.939
280	594.889
281	594.942
282	594.839
283	594.884
284	594.933
285	594.892
286	594.94
287	594.93
288	594.96
289	594.918
290	594.906
291	594.867
292	594.867
293	594.964
294	594.937
295	594.943
296	594.892
297	594.97
298	594.951
299	594.933
300	594.894
301	594.953
302	594.963
303	594.947
304	594.89
305	594.847
306	594.901
307	594.955
308	594.886
309	594.923
310	594.927
311	594.934
312	594.914
313	594.883
314	594.942
315	594.943
316	594.902
317	594.921
318	594.998
319	594.978
320	594.942
321	594.863
322	594.916
323	594.909
324	594.933
325	594.905
326	594.881
327	594.904
328	594.892
329	594.896
330	594.899
331	594.905
332	594.903
333	594.904
334	594.912
335	594.907
336	594.878
337	594.907
338	594.884
339	594.893
340	594.907
341	594.9
342	594.898
343	594.933
344	594.914
345	594.893
346	594.884
347	594.929
348	594.912
349	594.927
350	594.914
351	594.899
352	594.889
353	594.912
354	594.921
