Frame	Volume
1	333.32
2	331.965
3	331.815
4	331.622
5	331.916
6	331.994
7	331.503
8	332.111
9	330.825
10	331.804
11	331.889
12	332.272
13	332.056
14	331.634
15	331.397
16	332.227
17	332.155
18	331.839
19	331.931
20	331.524
21	331.697
22	332.674
23	331.569
24	331.57
25	331.918
26	331.695
27	331.586
28	331.844
29	332.081
30	332.258
31	331.751
32	331.496
33	332.127
34	331.908
35	331.647
36	331.858
37	331.723
38	331.93
39	332.206
40	331.573
41	331.811
42	331.861
43	331.651
44	332.151
45	331.732
46	331.763
47	331.975
48	332.175
49	331.374
50	331.347
51	331.581
52	332.412
53	331.736
54	331.664
55	332.002
56	332.046
57	331.669
58	332.124
59	331.922
60	331.666
61	331.843
62	331.806
63	332.585
64	331.929
65	331.667
66	331.589
67	331.507
68	331.458
69	331.965
70	332.027
71	331.869
72	331.514
73	331.854
74	331.658
75	331.572
76	331.894
77	331.62
78	332.178
79	331.802
80	331.759
81	331.784
82	331.725
83	331.674
84	332.008
85	331.685
86	331.768
87	331.674
88	332.198
89	331.639
90	331.685
91	331.913
92	331.73
93	331.902
94	331.867
95	331.849
96	331.879
97	331.938
98	331.793
99	332.137
100	331.876
101	331.933
102	332.106
103	331.665
104	331.974
105	331.54
106	331.697
107	332.042
108	331.659
109	331.926
110	331.821
111	331.704
112	331.695
113	331.924
114	331.978
115	331.853
116	332.012
117	331.876
118	332.199
119	331.868
120	331.578
121	331.824
122	331.832
123	332.12
124	332.036
125	331.791
126	331.507
127	331.899
128	331.925
129	331.994
130	331.823
131	331.972
132	331.795
133	332.034
134	332.166
135	332.016
136	331.801
137	331.816
138	331.931
139	332.037
140	331.954
141	331.889
142	331.966
143	331.641
144	331.909
145	331.809
146	331.668
147	331.725
148	332.167
149	331.932
150	331.823
151	331.898
152	331.583
153	331.771
154	332.043
155	331.981
156	331.795
157	331.741
158	331.837
159	331.919
160	331.782
161	331.914
162	331.935
163	331.804
164	331.767
165	331.851
166	331.941
167	331.874
168	331.911
169	331.815
170	331.689
171	331.901
172	331.939
173	331.924
174	331.935
175	331.711
176	331.771
177	331.945
178	332.001
179	331.907
180	331.887
181	331.95
182	331.798
183	331.886
184	331.893
185	331.881
186	331.755
187	331.884
188	331.85
189	331.964
190	331.92
191	331.845
192	331.966
193	331.859
194	331.866
195	331.876
196	331.941
197	331.869
198	331.878
199	331.934
200	331.881
201	331.79
202	331.878
203	331.9
204	331.838
205	331.996
206	331.833
207	331.792
208	331.868
209	331.724
210	331.805
211	331.899
212	331.88
213	331.912
214	331.901
215	332.01
216	331.875
217	331.94
218	331.76
219	331.85
220	331.885
221	331.87
222	331.836
223	331.852
224	331.819
225	331.901
226	331.978
227	331.802
228	331.973
229	331.865
230	331.931
231	331.906
232	331.917
233	331.984
234	331.959
235	331.824
236	331.838
237	331.868
238	331.874
239	331.899
240	331.908
241	331.925
242	331.882
243	331.874
244	331.863
245	331.892
246	331.894
247	331.913
248	331.892
249	331.898
250	331.848
251	331.877
252	331.847
253	331.873
254	331.923
255	331.799
256	331.838
257	331.876
258	331.896
259	331.901
260	331.901
261	331.918
262	331.845
263	331.783
264	331.886
265	331.874
266	331.867
267	331.9
268	331.871
269	331.876
270	331.848
271	331.948
272	331.859
273	331.848
274	331.913
275	331.849
276	331.847
277	331.878
278	331.903
279	331.905
280	331.859
281	331.907
282	331.912
283	331.909
284	331.895
285	331.913
286	331.905
287	331.87
288	331.891
289	331.86
290	331.88
291	331.921
292	331.845
293	331.887
294	331.873
295	331.897
296	331.861
297	331.893
298	331.862
299	331.901
300	331.858
301	331.894
302	331.881
303	331.886
304	331.889
305	331.86
306	331.848
307	331.865
308	331.919
309	331.888
310	331.877
311	331.9
312	331.891
313	331.824
314	331.851
315	331.814
316	331.911
317	331.896
318	331.9
319	331.892
320	331.874
321	331.908
322	331.867
323	331.875
324	331.871
325	331.837
326	331.888
327	331.852
328	331.885
329	331.846
330	331.914
331	331.877
332	331.892
333	331.879
334	331.845
335	331.91
336	331.877
337	331.846
338	331.884
339	331.888
340	331.858
341	331.897
342	331.894
343	331.871
344	331.915
345	331.905
346	331.86
347	331.903
348	331.897
349	331.871
350	331.846
351	331.883
352	331.897
353	331.889
354	331.906
