Frame	Volume
1	1073.02
2	1079.36
3	1097.86
4	1094.19
5	1092.88
6	1093.33
7	1090.69
8	1092.7
9	1097.14
10	1091.38
11	1093.4
12	1093.98
13	1092.62
14	1089.95
15	1089.03
16	1090.45
17	1086.25
18	1091.87
19	1093.82
20	1094.03
21	1089.37
22	1089.82
23	1091.78
24	1090.33
25	1093.16
26	1088.05
27	1092.31
28	1093.45
29	1092.24
30	1090.45
31	1089.45
32	1089.99
33	1089.68
34	1091.82
35	1089.42
36	1092
37	1090.3
38	1090.48
39	1090.76
40	1090.39
41	1092.55
42	1089.64
43	1091.85
44	1090.2
45	1091.63
46	1092.11
47	1092.37
48	1091.7
49	1091.9
50	1092.44
51	1090.83
52	1091.22
53	1091.84
54	1091.32
55	1091.55
56	1091.27
57	1091.58
58	1091.87
59	1091.8
60	1090.52
61	1090.66
62	1090.06
63	1090.57
64	1091.74
65	1090.79
66	1091.8
67	1090.59
68	1090.77
69	1091.61
70	1091.23
71	1090.47
72	1090.64
73	1091.18
74	1091.74
75	1092.09
76	1091.27
77	1091.28
78	1091.15
79	1090.85
80	1091.14
81	1091.7
82	1090.7
83	1090.31
84	1091.15
85	1091.03
86	1091.18
87	1090.5
88	1090.87
89	1090.39
90	1091.58
91	1091.37
92	1090.9
93	1091.42
94	1090.99
95	1091.36
96	1091.65
97	1090.48
98	1090.91
99	1091.34
100	1091.35
101	1090.8
102	1091.06
103	1091.52
104	1090.54
105	1090.52
106	1090.98
107	1090.82
108	1091.28
109	1090.52
110	1090.69
111	1091.16
112	1090.79
113	1090.97
114	1092.01
115	1090.95
116	1090.59
117	1090.45
118	1090.94
119	1090.88
120	1091.15
121	1090.83
122	1091.18
123	1091.14
124	1091.26
125	1090.93
126	1091.12
127	1090.69
128	1091.48
129	1091.23
130	1090.77
131	1091.12
132	1090.73
133	1090.97
134	1091.4
135	1091.27
136	1091.26
137	1091.25
138	1090.56
139	1090.86
140	1090.92
141	1091.66
142	1091.01
143	1090.88
144	1091.36
145	1091.16
146	1090.53
147	1091.5
148	1091.17
149	1091.3
150	1091.44
151	1091.16
152	1091.03
153	1090.97
154	1090.8
155	1091.1
156	1090.54
157	1090.97
158	1091.24
159	1091.03
160	1090.92
161	1090.92
162	1090.97
163	1091.14
164	1090.94
165	1090.97
166	1090.83
167	1090.98
168	1090.74
169	1090.8
170	1091.19
171	1091.15
172	1090.85
173	1091.18
174	1091.41
175	1091.06
176	1091.18
177	1091.27
178	1090.76
179	1090.83
180	1091.08
181	1091.06
182	1090.98
183	1091.02
184	1090.87
185	1090.64
186	1091.15
187	1091.18
188	1091.19
189	1090.83
190	1090.97
191	1091.11
192	1091.31
193	1091.28
194	1091.34
195	1091
196	1091.11
197	1090.86
198	1090.99
199	1090.94
200	1090.96
201	1091.03
202	1091.19
203	1091.22
204	1090.79
205	1091.1
206	1091
207	1090.89
208	1091
209	1090.89
210	1090.86
211	1091.16
212	1090.66
213	1090.86
214	1091.01
215	1091.46
216	1090.93
217	1091.07
218	1091.09
219	1090.87
220	1091.31
221	1090.99
222	1090.89
223	1091.06
224	1090.94
225	1091.09
226	1091.1
227	1090.86
228	1091.17
229	1091.11
230	1090.98
231	1090.96
232	1090.99
233	1090.99
234	1090.76
235	1091.12
236	1090.98
237	1090.62
238	1090.88
239	1090.73
240	1090.85
241	1090.85
242	1090.82
243	1091.13
244	1090.9
245	1091.01
246	1091.08
247	1090.9
248	1090.91
249	1091.04
250	1091.03
251	1090.8
252	1091.14
253	1091.05
254	1090.87
255	1091.06
256	1090.72
257	1091.16
258	1090.86
259	1091.05
260	1091.05
261	1090.91
262	1091.05
263	1090.85
264	1091.01
265	1091.2
266	1090.91
267	1090.91
268	1091
269	1091.09
270	1090.98
271	1091.01
272	1090.76
273	1091.19
274	1090.85
275	1091.08
276	1091.13
277	1091.07
278	1090.86
279	1090.91
280	1090.9
281	1090.99
282	1090.92
283	1090.99
284	1091.08
285	1091.06
286	1091.09
287	1090.87
288	1091.05
289	1091.11
290	1091.01
291	1090.94
292	1090.89
293	1090.98
294	1090.96
295	1090.9
296	1091.08
297	1091.15
298	1091.08
299	1091.07
300	1090.96
301	1091.01
302	1091.05
303	1091.04
304	1090.88
305	1090.94
306	1091.02
307	1090.96
308	1091
309	1090.99
310	1091.03
311	1090.98
312	1091
313	1090.94
314	1090.95
315	1091.08
316	1090.97
317	1090.92
318	1091.05
319	1091
320	1090.94
321	1091.11
322	1091.02
323	1090.98
324	1091.01
325	1091
326	1090.96
327	1091.01
328	1090.85
329	1090.93
330	1090.97
331	1091.02
332	1090.99
333	1091.04
334	1091.08
335	1091.01
336	1090.99
337	1091.05
338	1090.93
339	1090.96
340	1091.03
341	1091.04
342	1090.91
343	1091.06
344	1090.97
345	1090.93
346	1090.98
347	1091.03
348	1090.98
349	1090.92
350	1090.95
351	1091.08
352	1090.99
353	1090.93
354	1091
355	1091.01
356	1090.93
357	1090.87
358	1091
359	1090.97
360	1091.03
361	1090.87
362	1091
363	1090.94
364	1090.97
365	1090.98
366	1090.98
367	1090.97
368	1090.99
369	1090.99
370	1091.05
371	1091.06
372	1090.95
373	1090.96
374	1090.95
375	1090.9
376	1091.05
377	1091.03
378	1090.99
379	1091.03
380	1091.05
381	1090.98
382	1090.99
383	1090.96
384	1091.01
385	1090.98
386	1090.99
387	1091
388	1091.04
389	1090.94
390	1090.99
391	1090.93
392	1090.97
393	1090.96
394	1090.98
395	1091
396	1090.98
397	1090.99
398	1091
399	1091
