Frame	Volume
1	334.016
2	332.326
3	332.451
4	331.944
5	333.608
6	333.591
7	332.892
8	334.857
9	333.674
10	333.219
11	333.024
12	331.857
13	332.09
14	333.165
15	332.457
16	331.653
17	332.298
18	332.316
19	333.25
20	334.004
21	332.228
22	332.262
23	332.457
24	332.824
25	332.75
26	332.779
27	332.188
28	332.866
29	332.82
30	332.498
31	332.353
32	332.126
33	332.061
34	333.635
35	332.282
36	332.57
37	332.235
38	331.999
39	332.286
40	332.852
41	333.948
42	331.974
43	332.491
44	332.782
45	332.395
46	331.713
47	332.648
48	332.266
49	332.31
50	333.212
51	333.401
52	332.563
53	332.808
54	332.848
55	332.546
56	332.3
57	332.14
58	333.519
59	332.425
60	333.032
61	332.715
62	332.265
63	332.589
64	332.654
65	332.511
66	332.295
67	332.067
68	332.588
69	332.508
70	332.305
71	332.526
72	332.435
73	332.597
74	332.641
75	332.188
76	332.305
77	332.385
78	332.837
79	332.629
80	332.457
81	332.553
82	332.528
83	332.735
84	332.499
85	332.503
86	332.496
87	332.647
88	332.19
89	332.271
90	332.241
91	332.215
92	332.22
93	332.347
94	332.509
95	332.358
96	332.717
97	332.376
98	332.384
99	332.526
100	332.453
101	332.511
102	332.509
103	332.45
104	332.137
105	332.513
106	332.305
107	332.457
108	332.429
109	332.601
110	332.484
111	332.498
112	332.715
113	332.296
114	332.511
115	332.346
116	332.68
117	332.3
118	332.802
119	332.493
120	332.932
121	332.483
122	332.502
123	332.647
124	332.363
125	332.518
126	332.605
127	332.507
128	332.451
129	332.385
130	332.233
131	332.174
132	332.479
133	332.311
134	332.447
135	332.271
136	332.408
137	332.435
138	332.709
139	332.469
140	332.503
141	332.4
142	332.572
143	332.539
144	332.446
145	332.534
146	332.549
147	332.572
148	332.423
149	332.543
150	332.426
151	332.526
152	332.412
153	332.436
154	332.453
155	332.477
156	332.456
157	332.459
158	332.45
159	332.383
160	332.513
161	332.606
162	332.449
163	332.361
164	332.351
165	332.224
166	332.558
167	332.339
168	332.344
169	332.44
170	332.412
171	332.472
172	332.427
173	332.267
174	332.483
175	332.472
176	332.477
177	332.364
178	332.321
179	332.495
180	332.496
181	332.495
182	332.599
183	332.431
184	332.738
185	332.396
186	332.446
187	332.461
188	332.479
189	333.538
190	332.441
191	332.274
192	332.505
193	332.664
194	332.415
195	332.466
196	332.437
197	332.456
198	332.449
199	332.489
200	332.331
201	332.867
202	332.654
203	332.429
204	332.498
205	332.512
206	332.443
207	332.54
208	332.468
209	332.588
210	332.344
211	332.427
212	332.612
213	332.541
214	332.438
215	332.508
216	332.345
217	332.523
218	332.325
219	332.411
220	332.602
221	332.448
222	332.444
223	332.422
224	332.508
225	332.554
226	332.285
227	332.496
228	332.421
229	332.462
230	332.428
231	332.492
232	332.338
233	332.478
234	332.386
235	332.4
236	332.497
237	332.37
238	332.508
239	332.458
240	332.403
241	332.435
242	332.438
243	332.44
244	332.497
245	332.478
246	332.479
247	332.504
248	332.427
249	332.39
250	332.396
251	332.363
252	332.464
253	332.481
254	332.442
255	332.425
256	332.467
257	332.434
258	332.477
259	332.462
260	332.456
261	332.39
262	332.443
263	332.439
264	332.457
265	332.464
266	332.432
267	332.46
268	332.443
269	332.48
270	332.396
271	332.442
272	332.489
273	332.471
274	332.468
275	332.54
276	332.359
277	332.474
278	332.5
279	332.396
280	332.367
281	332.42
282	332.504
283	332.371
284	332.448
285	332.449
286	332.531
287	332.492
288	332.465
289	332.453
290	332.466
291	332.447
292	332.471
293	332.424
294	332.447
295	332.437
296	332.403
297	332.445
298	332.447
299	332.448
300	332.445
301	332.445
302	332.459
303	332.437
304	332.465
305	332.442
306	332.438
307	332.425
308	332.482
309	332.456
310	332.443
311	332.452
312	332.458
313	332.444
314	332.453
315	332.412
316	332.442
317	332.443
318	332.4
319	332.449
320	332.421
321	332.433
322	332.458
323	332.458
324	332.485
325	332.402
326	332.416
327	332.443
328	332.432
329	332.446
330	332.444
331	332.443
332	332.469
333	332.438
334	332.467
335	332.438
336	332.475
337	332.45
338	332.517
339	332.505
340	332.426
341	332.438
342	332.446
343	332.46
344	332.456
345	332.449
346	332.41
347	332.414
348	332.487
349	332.42
350	332.415
351	332.416
352	332.455
353	332.428
354	332.465
355	332.47
356	332.504
357	332.519
358	332.485
359	332.459
360	332.52
361	332.464
362	332.442
363	332.47
364	332.44
365	332.476
366	332.512
367	332.482
368	332.442
369	332.42
370	332.427
371	332.475
372	332.473
