Frame	Volume
1	509.119
2	510.369
3	510.826
4	510.463
5	508.527
6	510.845
7	501.673
8	510.96
9	508.644
10	509.202
11	510.47
12	509.461
13	509.869
14	510.928
15	510.24
16	510.715
17	509.997
18	509.982
19	508.146
20	509.879
21	509.188
22	509.619
23	509.634
24	510.275
25	510.054
26	510.687
27	509.996
28	510.202
29	511.317
30	509.832
31	509.444
32	509.294
33	509.523
34	510.702
35	510.437
36	510.838
37	510.596
38	510.372
39	509.76
40	510.87
41	510.157
42	509.779
43	510.585
44	509.928
45	510.245
46	509.971
47	511.072
48	510.034
49	510.361
50	510.537
51	509.7
52	509.854
53	510.638
54	509.923
55	510.035
56	509.658
57	509.747
58	510.25
59	510.736
60	510.905
61	510.423
62	510.022
63	510.253
64	510.023
65	510.081
66	509.487
67	510.669
68	510.568
69	510.009
70	510.495
71	510.198
72	510.208
73	510.268
74	510.106
75	510.549
76	509.927
77	510.569
78	510.172
79	510.038
80	510.175
81	510.229
82	510.371
83	509.882
84	510.009
85	510.407
86	510.281
87	510.208
88	509.841
89	510.059
90	510.448
91	510.183
92	510.425
93	510.097
94	510.238
95	510.302
96	510.172
97	510.536
98	510.168
99	510.1
100	509.905
101	510.368
102	510.353
103	510.164
104	509.892
105	510.288
106	510.365
107	510.157
108	510.044
109	510.171
110	509.929
111	510.228
112	510.195
113	509.987
114	510.266
115	510.105
116	510.424
117	509.896
118	510.559
119	510.296
120	510.069
121	510.3
122	510.269
123	509.809
124	510.345
125	510.053
126	510.269
127	510.297
128	509.914
129	510.01
130	510.107
131	510.092
132	510.237
133	510.089
134	510.089
135	510
136	510.145
137	510.207
138	510.278
139	510.225
140	510.289
141	510.061
142	510.111
143	510.116
144	510.122
145	510.247
146	510.182
147	510.18
148	510.235
149	510.331
150	510.227
151	510.216
152	510.187
153	510.144
154	510.021
155	510.124
156	510.117
157	510.112
158	510.15
159	510.297
160	510.299
161	510.277
162	510.308
163	510.306
164	510.183
165	510.108
166	510.009
167	510.065
168	510.173
169	510.094
170	510.287
171	510.201
172	510.216
173	510.246
174	510.095
175	510.252
176	510.039
177	510.316
178	510.273
179	510.172
180	510.285
181	510.101
182	510.125
183	510.2
184	510.195
185	510.212
186	510.132
187	510.192
188	510.184
189	510.088
190	510.051
191	510.185
192	510.101
193	510.205
194	510.421
195	510.082
196	510.298
197	510.074
198	510.087
199	510.153
200	510.281
201	510.131
202	510.103
203	510.085
204	510.205
205	510.226
206	510.18
207	510.408
208	510.137
209	510.367
210	510.158
211	510.117
212	510.107
213	510.29
214	510.326
215	510.024
216	510.171
217	510.251
218	510.329
219	510.258
220	510.077
221	510.396
222	510.154
223	509.925
224	510.175
225	509.963
226	510.214
227	510.212
228	510.111
229	510.065
230	510.34
231	510.023
232	510.165
233	510.182
234	510.082
235	510.264
236	510.204
237	510.119
238	510.096
239	510.217
240	510.164
241	510.178
242	510.256
243	510.3
244	510.25
245	510.159
246	510.146
247	510.203
248	510.217
249	510.183
250	510.214
251	510.209
252	510.219
253	510.248
254	510.223
255	510.117
256	510.229
257	510.219
258	510.186
259	510.201
260	510.27
261	510.142
262	510.189
263	510.179
264	510.259
265	510.107
266	510.175
267	510.21
268	510.195
269	510.245
270	510.195
271	510.215
272	510.159
273	510.161
274	510.18
275	510.234
276	510.191
277	510.224
278	510.237
279	510.166
280	510.15
281	510.169
282	510.205
283	510.134
284	510.197
285	510.215
286	510.182
287	510.238
288	510.22
289	510.151
290	510.198
291	510.212
292	510.202
293	510.234
294	510.233
295	510.197
296	510.189
297	510.201
298	510.201
299	510.221
300	510.196
301	510.223
302	510.183
303	510.207
304	510.131
305	510.215
306	510.189
307	510.204
308	510.164
309	510.226
310	510.195
311	510.183
312	510.179
313	510.17
314	510.172
315	510.248
316	510.264
317	510.299
318	510.226
319	510.178
320	510.196
321	510.111
322	510.195
323	510.205
324	510.199
325	510.22
326	510.155
327	510.305
328	510.2
329	510.194
330	510.259
331	510.229
332	510.206
333	510.225
334	510.223
335	510.219
336	510.221
337	510.165
338	510.221
339	510.204
340	510.177
341	510.208
342	510.224
343	510.215
344	510.193
345	510.189
346	510.175
347	510.238
348	510.223
349	510.11
350	510.208
351	510.167
352	510.199
353	510.196
354	510.212
