Frame	Volume
1	778.623
2	776.765
3	774.886
4	778.526
5	781.512
6	776.502
7	774.716
8	775.657
9	776.383
10	777.94
11	775.769
12	778.931
13	775.984
14	775.451
15	775.221
16	776.631
17	777.622
18	778.33
19	775.109
20	776.119
21	775.192
22	779.087
23	778.476
24	776.887
25	776.165
26	778.019
27	778.169
28	775.84
29	778.885
30	777.581
31	778.372
32	776.879
33	778.006
34	776.105
35	777.647
36	777.068
37	776.558
38	775.889
39	777.804
40	776.219
41	775.942
42	778.128
43	775.609
44	777.018
45	776.351
46	777.58
47	777.693
48	777.463
49	776.406
50	777.053
51	777.664
52	776.124
53	777.518
54	777.596
55	777.868
56	775.923
57	777.103
58	777.325
59	776.561
60	777.877
61	776.517
62	777.334
63	776.855
64	776.931
65	777.366
66	777.099
67	777.301
68	777.02
69	777.426
70	777.003
71	777.024
72	776.728
73	777.15
74	777.309
75	776.821
76	777.622
77	776.452
78	776.99
79	777.137
80	776.68
81	777.202
82	776.683
83	777.193
84	776.713
85	776.95
86	776.918
87	777.7
88	777.131
89	777.112
90	777.039
91	777.006
92	776.832
93	777.334
94	776.93
95	777.198
96	777.204
97	777.134
98	777.171
99	776.873
100	777.025
101	777.699
102	777.423
103	777.217
104	776.552
105	777.305
106	777.041
107	776.676
108	777.252
109	777.4
110	776.991
111	776.562
112	777.362
113	777.097
114	777.387
115	777.272
116	777.242
117	777.426
118	777.029
119	776.783
120	777.307
121	777.056
122	777.096
123	777.155
124	777.301
125	776.917
126	777.134
127	777.074
128	776.994
129	777.301
130	776.852
131	777.371
132	777.182
133	776.876
134	777.149
135	777.393
136	776.969
137	777.071
138	776.759
139	777.014
140	776.839
141	777.368
142	776.758
143	777.097
144	777.16
145	776.953
146	776.745
147	777.18
148	777.067
149	777.144
150	777.143
151	777.149
152	777.114
153	777.245
154	777.148
155	777.501
156	777.366
157	777.021
158	777.421
159	777.222
160	777.209
161	777.247
162	777.299
163	777.303
164	776.996
165	777.06
166	777.283
167	777.215
168	777.146
169	777.049
170	777.248
171	777.198
172	777.225
173	777.201
174	777.207
175	776.999
176	776.987
177	777.046
178	777.239
179	776.842
180	777.267
181	776.966
182	776.826
183	777.039
184	776.901
185	777.313
186	776.921
187	777.072
188	777.091
189	777.272
190	777.242
191	777.143
192	777.076
193	777.323
194	776.918
195	777.182
196	777.121
197	777.14
198	777.125
199	777.035
200	776.923
201	777.046
202	777.336
203	777.328
204	777.043
205	777.06
206	777.312
207	777.23
208	776.982
209	777.302
210	777.094
211	777.099
212	777.149
213	777.189
214	777.2
215	777.222
216	777.244
217	777.037
218	777.172
219	776.915
220	777.269
221	777.251
222	776.92
223	777.249
224	777.058
225	777.432
226	777.202
227	777.041
228	777.286
229	777.249
230	777.048
231	777.3
232	777.069
233	777.111
234	777.129
235	777.167
236	777.025
237	777.228
238	777.134
239	777.145
240	777.076
241	777.019
242	777.146
243	777.322
244	777.115
245	777.182
246	777.158
247	777.015
248	777.055
249	777.071
250	777.252
251	776.994
252	777.097
253	777.096
254	777.118
255	777.238
256	777.026
257	777.093
258	777.142
259	777.145
260	777.131
261	777.172
262	777.208
263	777.236
264	777.194
265	777.181
266	777.26
267	777.169
268	777.033
269	777.163
270	777.166
271	777.232
272	777.125
273	777.139
274	777.113
275	777.109
276	777.078
277	777.222
278	777.209
279	777.052
280	777.032
281	777.231
282	777.165
283	777.144
284	777.03
285	777.143
286	777.148
287	777.181
288	777.085
289	777.173
290	777.137
291	777.222
292	777.159
293	777.153
294	777.202
295	777.151
296	777.216
297	777.173
298	777.123
299	777.232
300	777.098
301	777.183
302	777.098
303	777.097
304	777.141
305	777.198
306	777.163
307	777.159
308	777.226
309	777.13
310	777.156
311	777.203
312	777.115
313	777.169
314	777.251
315	777.129
316	777.229
317	777.148
318	777.193
319	777.109
320	777.182
321	777.13
322	777.047
323	777.138
324	777.193
325	777.133
326	777.167
327	777.177
328	777.12
329	777.205
330	777.201
331	777.136
332	777.121
333	777.199
334	777.193
335	777.128
336	777.207
337	777.151
338	777.157
339	777.149
340	777.142
341	777.135
342	777.108
343	777.156
344	777.265
345	777.241
346	777.199
347	777.178
348	777.252
349	777.195
350	777.103
351	777.143
352	777.12
353	777.221
354	777.144
355	777.17
356	777.133
357	777.277
358	777.151
359	777.163
360	777.184
361	777.107
362	777.151
363	777.14
364	777.162
365	777.182
366	777.159
367	777.149
368	777.148
369	777.126
370	777.14
371	777.223
372	777.032
373	777.233
374	777.161
375	777.242
376	777.145
377	777.086
378	777.161
379	777.136
380	777.22
381	777.179
382	777.121
383	777.192
384	777.204
385	777.137
386	777.194
387	777.219
388	777.22
389	777.178
390	777.161
391	777.123
392	777.189
393	777.193
394	777.113
395	777.094
396	777.184
397	777.139
398	777.163
399	777.142
