Frame	Volume
1	1153.33
2	1115.39
3	1151.14
4	1130.04
5	1135.85
6	1143.59
7	1131.28
8	1132.85
9	1134.34
10	1121.28
11	1132.67
12	1140.86
13	1136.65
14	1126.9
15	1133.54
16	1133.25
17	1138.46
18	1131.99
19	1127.43
20	1133.75
21	1133.98
22	1133.24
23	1135.09
24	1134.87
25	1133.15
26	1130.97
27	1131.51
28	1134.42
29	1134.45
30	1137.05
31	1133.14
32	1134.6
33	1131.79
34	1130.67
35	1134.46
36	1135.35
37	1132.31
38	1132.87
39	1131.55
40	1131.9
41	1133.6
42	1129.7
43	1134.26
44	1132.57
45	1132.22
46	1134.06
47	1133.09
48	1132.91
49	1133.16
50	1132.88
51	1132.29
52	1132.04
53	1132.97
54	1132.05
55	1134.41
56	1131.4
57	1131.83
58	1131.86
59	1132.05
60	1133.74
61	1133.52
62	1132.07
63	1132.94
64	1135.05
65	1132.31
66	1133.42
67	1133.1
68	1132.18
69	1132.73
70	1132.68
71	1132.14
72	1133.9
73	1134.56
74	1132.87
75	1134.02
76	1131.66
77	1133.58
78	1133.22
79	1133.58
80	1133.8
81	1132.99
82	1133.29
83	1132.36
84	1132.88
85	1133.93
86	1133.57
87	1133.35
88	1133.14
89	1133.15
90	1132.2
91	1132.83
92	1133.2
93	1133.05
94	1132.56
95	1132.84
96	1132.64
97	1132.22
98	1132.71
99	1133.17
100	1132.53
101	1133.68
102	1133.06
103	1132.9
104	1132.59
105	1132
106	1132.78
107	1132.68
108	1133.15
109	1133
110	1132.35
111	1133.17
112	1133.69
113	1132.76
114	1132.34
115	1133.25
116	1132.86
117	1133.35
118	1132.8
119	1133.38
120	1132.9
121	1133.01
122	1133.35
123	1133.12
124	1133.11
125	1132.8
126	1133.66
127	1133.28
128	1132.79
129	1132.93
130	1132.45
131	1133.12
132	1132.8
133	1132.44
134	1133.25
135	1132.68
136	1132.31
137	1132.72
138	1132.67
139	1133.75
140	1133.7
141	1133.45
142	1132.45
143	1133.42
144	1133.31
145	1133.74
146	1133.36
147	1132.57
148	1132.58
149	1132.83
150	1132.65
151	1133.15
152	1133.1
153	1133.71
154	1133.68
155	1133.23
156	1133.33
157	1133
158	1133.04
159	1132.87
160	1132.69
161	1132.69
162	1133.02
163	1132.94
164	1133.22
165	1132.72
166	1133.18
167	1133.05
168	1133.19
169	1133.06
170	1132.87
171	1132.88
172	1133.09
173	1133.4
174	1133.04
175	1133.03
176	1132.48
177	1132.76
178	1132.93
179	1133.07
180	1133.01
181	1132.97
182	1132.93
183	1133.43
184	1132.87
185	1132.7
186	1132.86
187	1133.11
188	1132.8
189	1132.64
190	1132.99
191	1132.53
192	1132.89
193	1133.36
194	1132.91
195	1133.04
196	1132.93
197	1133.06
198	1132.74
199	1132.78
200	1132.73
201	1132.83
202	1133.28
203	1132.92
204	1132.59
205	1132.94
206	1132.86
207	1132.7
208	1133.13
209	1133.41
210	1133.56
211	1132.88
212	1133.17
213	1132.67
214	1132.83
215	1132.95
216	1132.79
217	1132.82
218	1132.88
219	1132.79
220	1132.98
221	1132.84
222	1132.71
223	1132.75
224	1132.89
225	1133.12
226	1132.85
227	1132.89
228	1133.14
229	1133.25
230	1133.29
231	1132.48
232	1132.91
233	1133.04
234	1132.82
235	1133.08
236	1132.74
237	1133.26
238	1132.88
239	1132.82
240	1133.35
241	1132.81
242	1132.63
243	1132.72
244	1132.98
245	1132.66
246	1133.14
247	1133.09
248	1132.67
249	1133.05
250	1132.56
251	1132.93
252	1133.15
253	1133.1
254	1132.84
255	1133.64
256	1132.86
257	1132.85
258	1132.67
259	1133.25
260	1132.8
261	1133.19
262	1132.77
263	1132.95
264	1132.92
265	1133.05
266	1132.91
267	1133.19
268	1132.82
269	1132.94
270	1132.92
271	1132.87
272	1132.91
273	1132.91
274	1132.69
275	1132.94
276	1132.96
277	1133.28
278	1133.24
279	1132.96
280	1133.01
281	1133.17
282	1132.77
283	1132.78
284	1133.22
285	1133.08
286	1132.67
287	1132.99
288	1132.96
289	1132.87
290	1132.89
291	1132.98
292	1132.96
293	1133.08
294	1133.01
295	1132.96
296	1132.92
297	1132.91
298	1132.99
299	1133.04
300	1133.05
301	1132.97
302	1132.94
303	1132.93
304	1132.72
305	1132.82
306	1132.96
307	1132.96
308	1133.09
309	1132.9
310	1132.82
311	1132.97
312	1132.74
313	1132.87
314	1132.86
315	1132.99
316	1132.92
317	1132.94
318	1132.85
319	1132.85
320	1132.87
321	1132.92
322	1132.87
323	1132.82
324	1133.02
325	1132.94
326	1132.93
327	1133.15
328	1132.92
329	1132.98
330	1133.01
331	1133.07
332	1133.01
333	1132.74
334	1133.02
335	1133.02
336	1132.93
337	1132.87
338	1132.87
339	1133.03
340	1132.88
341	1132.84
342	1132.77
343	1132.91
344	1132.9
345	1132.89
346	1132.87
347	1132.79
348	1133.03
349	1132.97
350	1132.83
351	1133.02
352	1132.91
353	1132.98
354	1133.04
355	1132.86
356	1133
357	1132.97
358	1132.85
359	1132.88
360	1132.95
361	1132.89
362	1132.84
363	1133.06
364	1132.99
365	1132.85
366	1132.91
367	1132.92
368	1133.06
369	1133
370	1132.97
371	1133.05
372	1132.96
373	1132.9
374	1133.01
375	1132.89
376	1132.88
377	1133
378	1132.99
379	1132.94
380	1132.97
381	1132.97
382	1132.97
383	1132.94
384	1133.05
385	1132.94
386	1132.94
387	1132.88
388	1132.96
389	1132.99
390	1132.84
391	1133.03
392	1132.94
393	1133.06
394	1132.99
395	1132.9
396	1132.9
397	1132.92
398	1132.93
399	1132.94
