#Atom       AtomicFlx
 150.000       0.9465
 171.000       0.9999
 195.000       1.1542
 207.000       1.0362
 226.000       1.0630
 251.000       1.2955
 265.000       1.3573
 271.000       1.5475
 286.000       1.2123
 296.000       1.0012
 320.000       1.0580
 332.000       0.9642
 352.000       0.8450
 371.000       0.9242
 388.000       1.0478
 402.000       1.0407
 421.000       1.2578
 432.000       1.3212
 444.000       1.1126
 451.000       0.8232
 463.000       0.9486
 485.000       0.9526
 499.000       0.7273
 515.000       0.7509
 534.000       0.9809
 556.000       0.9554
 571.000       0.9066
 587.000       1.1520
 607.000       1.5145
 629.000       1.6224
 639.000       1.8135
 654.000       2.0558
 660.000       1.8651
 681.000       2.4004
 703.000       1.9623
 717.000       1.5940
 731.000       1.2757
 746.000       1.3394
 761.000       1.0856
 772.000       0.8049
 791.000       1.0320
 801.000       1.0037
 811.000       0.7005
 830.000       0.8680
 852.000       1.1417
 874.000       0.9656
 896.000       0.8923
 915.000       1.0263
 921.000       1.0450
 936.000       0.7943
 955.000       0.6676
 962.000       0.8285
 972.000       0.9120
 994.000       0.7219
1010.000       0.7240
1025.000       0.9250
1047.000       0.9633
1066.000       0.8406
1083.000       0.9056
1093.000       0.9463
1110.000       0.8371
1126.000       0.8624
1148.000       0.8495
1159.000       0.7474
1181.000       0.7538
1200.000       0.8853
1210.000       0.7995
1220.000       0.6664
1239.000       0.8253
1254.000       0.9497
1260.000       0.8640
1275.000       0.5948
1285.000       0.6900
1307.000       0.8640
1314.000       0.6483
1334.000       0.6453
1344.000       0.8690
1359.000       0.8453
1381.000       0.7672
1392.000       1.0352
1411.000       1.1534
1426.000       1.0661
1445.000       1.2150
1455.000       1.4610
1479.000       1.3109
1486.000       0.9744
1505.000       1.1761
1527.000       1.2788
1537.000       1.1751
1561.000       1.2572
1582.000       1.9421
1603.000       2.0422
1617.000       3.1868
1624.000       2.1901
1638.000       1.3175
1661.000       1.0023
1667.000       1.1174
1681.000       1.1043
1703.000       1.1419
1715.000       1.0011
1727.000       0.8426
1746.000       0.9045
1768.000       0.9615
1778.000       0.8729
1789.000       0.7412
1805.000       0.8083
1827.000       0.8451
1842.000       0.6827
1858.000       0.7141
1877.000       0.8811
1899.000       0.7595
1918.000       0.6184
1939.000       0.8616
1961.000       0.9457
1971.000       0.7772
1988.000       0.8389
1999.000       0.8758
2011.000       0.8305
2021.000       0.6245
2028.000       0.5795
2050.000       0.7184
2060.000       0.6260
2072.000       0.5179
2092.000       0.6524
2099.000       0.7411
2121.000       0.6735
2138.000       0.6627
2166.000       0.7800
2172.000       0.8399
2192.000       0.6878
2211.000       0.6272
2221.000       0.7727
2243.000       0.7780
2259.000       0.7289
2279.000       0.8996
