#Atom       AtomicFlx
  92.000       0.5766
 114.000       0.5415
 130.000       0.6052
 142.000       0.6546
 166.000       0.6482
 180.000       0.5463
 195.000       0.5660
 209.000       0.5883
 230.000       0.7696
 245.000       0.7138
 267.000       0.6162
 287.000       0.7427
 304.000       0.7793
 319.000       0.8267
 341.000       0.9638
 358.000       1.0247
 365.000       1.0079
 384.000       1.2865
 398.000       1.3028
 414.000       1.4972
 430.000       1.2897
 452.000       1.0204
 476.000       1.5654
 498.000       1.8262
 517.000       1.5017
 524.000       1.3416
 534.000       1.0858
 551.000       0.7739
 563.000       0.7589
 577.000       0.6838
 596.000       0.7214
 618.000       0.7137
 637.000       0.7339
 651.000       0.7121
 670.000       0.8387
 684.000       0.9309
 701.000       1.4292
 716.000       1.9129
 723.000       1.6261
 737.000       0.8631
 759.000       0.7408
 779.000       0.7806
 793.000       0.7663
 809.000       0.8240
 831.000       0.8538
 846.000       0.9656
 857.000       0.9530
 868.000       1.1266
 882.000       1.4520
 902.000       1.4224
 926.000       1.3465
 940.000       1.3435
 959.000       1.0631
 971.000       1.0730
 987.000       0.9542
1003.000       0.8017
1023.000       0.6442
1038.000       0.5731
1057.000       0.7836
1064.000       0.8910
1080.000       0.9000
1092.000       0.9181
1112.000       1.1862
1122.000       1.4220
1143.000       1.3824
1154.000       1.5460
1173.000       2.1759
1183.000       1.8501
1195.000       1.6856
1202.000       1.3371
1216.000       1.0904
1231.000       0.8914
1250.000       0.7987
1264.000       0.7102
1271.000       0.7354
1285.000       0.6009
1309.000       0.5696
1323.000       0.7322
1340.000       1.0931
1355.000       1.5114
1362.000       1.4341
1376.000       0.8171
1398.000       0.6148
1417.000       0.6108
1433.000       0.8548
1440.000       0.6838
1462.000       0.6192
1482.000       0.6992
1504.000       1.0120
1528.000       1.5112
1544.000       1.7046
1556.000       1.3174
1570.000       1.3228
1577.000       0.9436
1599.000       0.6895
1614.000       0.6633
1633.000       0.5862
1652.000       0.6848
1662.000       0.6120
1678.000       0.6183
1702.000       0.6455
1717.000       0.7984
1736.000       1.1188
1747.000       1.5603
1754.000       1.0063
1768.000       0.6250
1783.000       0.5614
1802.000       0.5799
1821.000       0.5573
1838.000       0.5022
1852.000       0.5311
1873.000       0.5409
1887.000       0.6347
1908.000       0.8736
1923.000       1.0297
1930.000       0.6551
1946.000       0.5704
1961.000       0.4652
1971.000       0.5019
1993.000       0.5298
