Frame	Volume
1	265.479
2	267.619
3	266.573
4	268.178
5	266.926
6	266.765
7	267.225
8	267.034
9	266.429
10	266.935
11	267.865
12	267.949
13	266.499
14	266.451
15	266.655
16	267.776
17	266.623
18	267.376
19	266.672
20	266.84
21	266.845
22	266.595
23	266.909
24	267.317
25	267.212
26	267.366
27	267.4
28	266.762
29	267.028
30	266.988
31	267.081
32	266.661
33	266.794
34	266.633
35	266.886
36	267.094
37	267.242
38	267.458
39	266.826
40	267.158
41	267.008
42	267.088
43	267.281
44	267.126
45	267.031
46	266.504
47	266.907
48	266.724
49	266.681
50	267.432
51	266.926
52	266.928
53	266.828
54	267.314
55	266.803
56	267.01
57	266.728
58	266.857
59	266.795
60	266.475
61	266.947
62	266.684
63	266.656
64	266.66
65	267.377
66	266.943
67	266.723
68	266.645
69	266.716
70	267.215
71	267.239
72	267.148
73	266.908
74	267.315
75	266.953
76	267.184
77	267.214
78	267.125
79	266.988
80	267.106
81	267.391
82	267.354
83	266.871
84	267.041
85	266.98
86	267.278
87	266.73
88	266.957
89	267.059
90	267.092
91	267.095
92	266.855
93	267.268
94	266.848
95	266.924
96	266.983
97	267.03
98	266.893
99	267.139
100	266.815
101	266.944
102	266.863
103	267.055
104	267.095
105	267.06
106	266.878
107	267.035
108	267.128
109	267.054
110	267.132
111	266.893
112	266.946
113	267.015
114	267.06
115	267.078
116	266.914
117	267.041
118	267.06
119	266.893
120	266.944
121	266.888
122	267.041
123	266.893
124	266.991
125	267.075
126	267.089
127	267.127
128	267.043
129	267.015
130	267.078
131	266.95
132	266.926
133	267.202
134	266.996
135	266.9
136	267.233
137	267.177
138	267.174
139	267.008
140	267.026
141	266.965
142	267.088
143	267.069
144	267.001
145	267.099
146	267.065
147	267.068
148	266.975
149	267.04
150	266.919
151	267.141
152	267.179
153	266.935
154	267.21
155	267.159
156	267.128
157	266.976
158	267.045
159	267.064
160	267.103
161	267.02
162	267.034
163	266.971
164	267.042
165	267.054
166	266.997
167	267.062
168	266.947
169	267.005
170	266.952
171	267.023
172	267.145
173	267.063
174	266.931
175	266.964
176	267.061
177	267.15
178	267.134
179	267.071
180	266.942
181	267.129
182	267.026
183	267.002
184	267.079
185	267.01
186	267.201
187	267.007
188	266.957
189	267.075
190	266.986
191	267.065
192	267.029
193	266.988
194	267.006
195	266.981
196	266.887
197	266.89
198	266.927
199	267.099
200	267.123
201	267.114
202	267.083
203	267.113
204	266.929
205	267.083
206	267.048
207	266.982
208	267.007
209	266.949
210	266.988
211	267.051
212	266.992
213	266.973
214	266.981
215	266.977
216	266.952
217	266.912
218	267.014
219	267.032
220	266.931
221	266.968
222	267.054
223	267.228
224	266.964
225	267.026
226	266.993
227	267.111
228	267.026
229	266.991
230	267.02
231	267.058
232	266.885
233	266.799
234	267.051
235	266.903
236	267.005
237	266.984
238	267.16
239	267.018
240	266.983
241	267.012
242	267.015
243	266.981
244	267.055
245	267.078
246	266.969
247	267.08
248	267.107
249	266.98
250	267.011
251	267.024
252	267.02
253	266.997
254	267.025
255	267.01
256	267.036
257	267.025
258	267.018
259	266.991
260	267.032
261	267.017
262	266.952
263	267.038
264	267.03
265	267.049
266	266.995
267	267.065
268	266.975
269	267.023
270	267.016
271	267.033
272	267.03
273	267.023
274	266.982
275	267.017
276	267.028
277	267.014
278	267.033
279	267.048
280	266.972
281	266.999
282	267.036
283	267.02
284	267.01
285	267.033
286	267.061
287	267.041
288	267.021
289	267.012
290	267
291	267.012
292	267.002
293	267.019
294	267.023
295	267.028
296	266.979
297	267.044
298	267.009
299	267.106
300	267.006
301	267.006
302	267.024
303	267.001
304	267.003
305	267.012
306	267.018
307	267.01
308	266.995
309	267.027
310	267.024
311	267.022
312	267.02
313	267.017
314	267.001
315	267.033
316	266.992
317	267.047
318	267.006
319	267.037
320	267.02
321	267.055
322	267.002
323	267.045
324	267.014
325	267.099
326	267
327	266.988
328	267.041
329	266.955
330	267.022
331	266.988
332	267.019
333	267.029
334	267.031
335	267.006
336	267.021
337	267.038
338	266.982
339	266.993
340	267.03
341	267.004
342	267.007
343	267.052
344	267.034
345	267.026
346	267.009
347	267.035
348	267.024
349	267.047
350	267.036
351	267.026
352	267.017
353	267.053
354	267.032
