Run semi-empirical minimization
 &qmmm
    qm_theory='AM1', grms_tol=0.0005,
 scfconv=1.d-10, ndiis_attempts=700,   qmcharge=0,
 /
   6    C1        0.1420        0.0010       -8.1900 
   8    O1       -0.4490       -0.0040       -9.3950 
   8    O2        1.3470        0.0140       -8.1090 
   6    C2       -0.6970       -0.0070       -6.9390 
   6    C3        0.2150        0.0020       -5.7110 
   6    C4       -0.6360       -0.0070       -4.4410 
   6    C5        0.2760        0.0030       -3.2140 
   6    C6       -0.5760       -0.0060       -1.9430 
   6    C7        0.3370        0.0030       -0.7160 
   6    C8       -0.5150       -0.0050        0.5530 
   6    C9        0.3980        0.0040        1.7810 
   6    CA       -0.4540       -0.0050        3.0510 
   6    CB        0.4590        0.0050        4.2790 
   6    CC       -0.3930       -0.0040        5.5490 
   6    CD        0.5200        0.0050        6.7760 
   6    CE       -0.3320       -0.0030        8.0470 
   6    CF        0.5800        0.0060        9.2740 
   6    CG       -0.2710       -0.0030       10.5440 
   1     H        0.0890        0.0010      -10.1980 
   1   H21       -1.3170       -0.9040       -6.9230 
   1   H22       -1.3360        0.8750       -6.9230 
   1   H31        0.8350        0.8990       -5.7270 
   1   H32        0.8540       -0.8800       -5.7270 
   1   H41       -1.2560       -0.9030       -4.4260 
   1   H42       -1.2750        0.8760       -4.4260 
   1   H51        0.8960        0.8990       -3.2290 
   1   H52        0.9150       -0.8800       -3.2290 
   1   H61       -1.1950       -0.9030       -1.9280 
   1   H62       -1.2140        0.8760       -1.9280 
   1   H71        0.9560        0.9000       -0.7310 
   1   H72        0.9760       -0.8790       -0.7310 
   1   H81       -1.1340       -0.9020        0.5690 
   1   H82       -1.1540        0.8770        0.5690 
   1   H91        1.0170        0.9010        1.7660 
   1   H92        1.0370       -0.8780        1.7660 
   1   HA1       -1.0730       -0.9010        3.0670 
   1   HA2       -1.0930        0.8780        3.0670 
   1   HB1        1.0780        0.9010        4.2630 
   1   HB2        1.0980       -0.8780        4.2630 
   1   HC1       -1.0120       -0.9010        5.5640 
   1   HC2       -1.0320        0.8780        5.5640 
   1   HD1        1.1390        0.9020        6.7610 
   1   HD2        1.1580       -0.8770        6.7610 
   1   HE1       -0.9520       -0.9000        8.0620 
   1   HE2       -0.9710        0.8790        8.0620 
   1   HF1        1.2000        0.9030        9.2590 
   1   HF2        1.2190       -0.8760        9.2590 
   1   HG1        0.3790        0.0040       11.4190 
   1   HG2       -0.9100        0.8800       10.5600 
   1   HG3       -0.8910       -0.8990       10.5600 

