Frame	Volume
1	731.338
2	743.256
3	738.834
4	736.739
5	732.32
6	735.297
7	739.754
8	742.101
9	739.739
10	737.63
11	739.12
12	736.382
13	733.5
14	737.156
15	736.948
16	737.933
17	738.829
18	736.718
19	738.934
20	736.613
21	737.9
22	736.05
23	738.873
24	738.926
25	739.405
26	737.956
27	738.877
28	739.178
29	737.474
30	738.567
31	738.093
32	737.415
33	737.725
34	739.596
35	736.865
36	737.571
37	737.771
38	739.081
39	737.519
40	738.646
41	738.198
42	737.87
43	738.203
44	738.871
45	738.912
46	737.784
47	737.957
48	739.174
49	738.283
50	738.355
51	738.793
52	738.98
53	737.896
54	738.158
55	738.839
56	739.253
57	738.881
58	738.352
59	739.107
60	738.094
61	739.598
62	738.971
63	738.23
64	737.566
65	739.006
66	738.624
67	737.783
68	737.198
69	739.006
70	738.312
71	737.84
72	738.057
73	738.352
74	738.202
75	738.301
76	738.027
77	738.229
78	738.273
79	738.517
80	738.695
81	738.03
82	738.296
83	738.542
84	738.681
85	738.885
86	738.346
87	738.395
88	738.025
89	737.934
90	738.897
91	738.459
92	738.67
93	738.795
94	737.643
95	738.566
96	738.098
97	738.751
98	738.633
99	738.382
100	738.314
101	738.22
102	738.773
103	738.501
104	737.856
105	738.536
106	737.909
107	738.652
108	738.331
109	737.644
110	739.14
111	737.65
112	738.927
113	738.157
114	738.333
115	738.676
116	738.564
117	738.876
118	737.874
119	737.538
120	738.041
121	738.203
122	738.238
123	738.361
124	738.49
125	738.355
126	738.565
127	738.217
128	738.497
129	738.303
130	738.204
131	738.432
132	737.985
133	738.733
134	738.325
135	738.861
136	737.819
137	738.15
138	738.34
139	738.217
140	738.491
141	738.719
142	738.108
143	738.846
144	738.281
145	738.355
146	738.058
147	738.15
148	738.57
149	738.317
150	738.716
151	738.181
152	738.487
153	738.253
154	738.264
155	738.729
156	738.251
157	738.393
158	738.278
159	738.466
160	738.335
161	738.166
162	738.227
163	738.267
164	738.413
165	738.2
166	738.346
167	738.145
168	738.389
169	738.407
170	738.4
171	738.393
172	738.422
173	738.344
174	738.499
175	738.648
176	738.319
177	738.045
178	738.378
179	738.285
180	738.449
181	738.331
182	738.173
183	738.211
184	738.411
185	738.414
186	738.741
187	738.458
188	738.048
189	738.413
190	738.708
191	738.274
192	738.548
193	738.445
194	738.023
195	738.724
196	738.376
197	738.261
198	738.569
199	738.536
200	738.383
201	738.345
202	738.378
203	738.211
204	738.385
205	738.178
206	738.096
207	738.544
208	738.389
209	738.173
210	738.188
211	738.173
212	738.154
213	738.367
214	738.272
215	738.3
216	738.336
217	738.164
218	738.258
219	738.202
220	738.335
221	738.423
222	738.394
223	738.208
224	738.356
225	738.45
226	738.287
227	738.313
228	738.271
229	738.451
230	738.16
231	738.45
232	738.21
233	738.604
234	738.391
235	738.288
236	738.475
237	738.085
238	738.253
239	738.277
240	738.414
241	738.498
242	738.262
243	738.4
244	738.518
245	738.551
246	738.424
247	738.282
248	738.464
249	738.189
250	738.396
251	738.323
252	738.596
253	738.501
254	738.298
255	738.407
256	738.417
257	738.143
258	737.981
259	738.22
260	738.11
261	738.272
262	738.207
263	738.488
264	738.254
265	738.229
266	738.338
267	738.258
268	738.451
269	738.13
270	738.436
271	738.605
272	738.492
273	738.316
274	738.282
275	738.342
276	738.425
277	738.407
278	738.597
279	738.282
280	738.214
281	738.581
282	738.346
283	738.335
284	738.362
285	738.334
286	738.324
287	738.325
288	738.371
289	738.325
290	738.321
291	738.36
292	738.342
293	738.344
294	738.306
295	738.344
296	738.294
297	738.475
298	738.407
299	738.352
300	738.369
301	738.32
302	738.291
303	738.243
304	738.435
305	738.325
306	738.269
307	738.395
308	738.285
309	738.234
310	738.306
311	738.421
312	738.342
313	738.358
314	738.351
315	738.304
316	738.35
317	738.346
318	738.403
319	738.396
320	738.334
321	738.326
322	738.381
323	738.357
324	738.475
325	738.315
326	738.338
327	738.421
328	738.328
329	738.354
330	738.318
331	738.423
332	738.391
333	738.313
334	738.386
335	738.333
336	738.34
337	738.357
338	738.212
339	738.322
340	738.359
341	738.302
342	738.373
343	738.267
344	738.273
345	738.391
346	738.302
347	738.337
348	738.353
349	738.308
350	738.462
351	738.328
352	738.406
353	738.43
354	738.311
355	738.393
356	738.361
357	738.363
358	738.342
359	738.412
360	738.327
361	738.396
362	738.367
363	738.402
364	738.356
365	738.362
366	738.302
367	738.395
368	738.327
369	738.329
370	738.327
371	738.32
372	738.344
373	738.345
374	738.416
375	738.363
376	738.388
377	738.312
378	738.406
379	738.378
380	738.425
381	738.328
382	738.361
383	738.334
384	738.343
385	738.346
386	738.349
387	738.373
388	738.406
389	738.313
390	738.337
391	738.354
392	738.406
393	738.308
394	738.351
395	738.322
396	738.292
397	738.348
398	738.35
399	738.353
