Frame	Volume
1	424.447
2	418.938
3	418.349
4	419.836
5	418.805
6	427.578
7	420.593
8	419.645
9	421.59
10	423.971
11	418.024
12	420.626
13	419.078
14	419.882
15	419.753
16	419.554
17	418.52
18	420.053
19	416.627
20	417.482
21	419.676
22	422.553
23	421.985
24	427.923
25	421.409
26	421.028
27	421.727
28	421.198
29	420.463
30	420.246
31	421.045
32	420.336
33	420.826
34	421.191
35	420.428
36	421.379
37	421.157
38	420.438
39	420.964
40	420.436
41	420.379
42	420.615
43	420.832
44	420.769
45	421.654
46	420.646
47	421.011
48	422.423
49	421.414
50	421.049
51	421.226
52	421.326
53	421.228
54	421.124
55	421.001
56	420.601
57	420.964
58	420.726
59	421.388
60	420.868
61	420.33
62	421.364
63	421.152
64	421.254
65	420.926
66	420.898
67	420.989
68	420.207
69	420.464
70	420.864
71	420.635
72	420.694
73	421.157
74	420.898
75	420.94
76	420.856
77	420.496
78	420.54
79	421.094
80	421.104
81	421.535
82	421.147
83	420.543
84	420.897
85	420.683
86	420.506
87	420.629
88	420.567
89	421.552
90	421.042
91	421.306
92	421.413
93	420.945
94	420.599
95	421.305
96	420.88
97	421.262
98	421.135
99	420.874
100	420.946
101	421.035
102	421.202
103	420.676
104	420.342
105	421.69
106	421.331
107	420.878
108	420.826
109	421.28
110	421.239
111	421.199
112	421.045
113	420.85
114	421.719
115	420.623
116	420.807
117	420.836
118	421.115
119	421.053
120	420.993
121	420.975
122	420.932
123	421.055
124	420.942
125	421.169
126	420.748
127	421.257
128	421.145
129	421.027
130	420.961
131	420.828
132	420.828
133	420.917
134	421.215
135	421.126
136	421.077
137	420.931
138	421.077
139	421.084
140	421.227
141	421.056
142	420.701
143	420.759
144	421.109
145	421.082
146	420.844
147	421.012
148	420.989
149	421.044
150	420.986
151	421.032
152	420.882
153	421.043
154	420.981
155	421.278
156	420.795
157	420.878
158	420.957
159	420.87
160	421.004
161	420.947
162	421.21
163	420.839
164	421.018
165	420.993
166	421.191
167	421.146
168	420.924
169	421.18
170	421.059
171	421.176
172	420.871
173	420.73
174	420.701
175	420.994
176	421.17
177	421.416
178	420.89
179	421.201
180	420.969
181	421.083
182	421.181
183	421.031
184	420.989
185	421.402
186	420.898
187	420.993
188	421.135
189	421.252
190	420.846
191	420.948
192	421.106
193	421.059
194	421.093
195	421.024
196	421.266
197	421.115
198	421.192
199	421.051
200	420.834
201	421.245
202	421.293
203	420.777
204	421.085
205	421.33
206	421.017
207	421.133
208	421.071
209	421.166
210	421.1
211	420.977
212	421.157
213	421.176
214	420.938
215	421.066
216	421.059
217	421.215
218	421.195
219	421.013
220	421.044
221	421.136
222	420.85
223	420.982
224	421.185
225	421.046
226	420.954
227	421.045
228	421.035
229	421.231
230	421.089
231	421.268
232	421.03
233	421.132
234	421.028
235	420.878
236	420.861
237	421.056
238	421.271
239	420.942
240	420.87
241	421.079
242	421.346
243	421.121
244	420.971
245	421.014
246	420.914
247	421.001
248	421.024
249	421.005
250	421.029
251	421.134
252	421.049
253	420.964
254	421.033
255	421.184
256	420.964
257	420.89
258	421.097
259	421.032
260	421.033
261	421.055
262	421.068
263	421.074
264	421.062
265	421.033
266	421.087
267	421.07
268	421.008
269	421.011
270	421.117
271	421.082
272	421.031
273	421.071
274	421.01
275	421.072
276	421.084
277	421.109
278	421.021
279	421.048
280	421.04
281	420.977
282	421.023
283	421.054
284	421.1
285	421.022
286	421.054
287	420.992
288	421.049
289	421.076
290	421.035
291	420.983
292	421.03
293	421.07
294	421.064
295	421.104
296	421.135
297	421.055
298	420.998
299	421.046
300	421.131
301	421.086
302	421.044
303	421.055
304	421.054
305	421.049
306	421.076
307	421.065
308	421.047
309	421.145
310	421.083
311	421.047
312	421.089
313	421.096
314	421.05
315	421.025
316	421.075
317	421.072
318	421.055
319	421.079
320	421.048
321	421.01
322	421.05
323	421.067
324	421.067
325	421.02
326	421.008
327	421.135
328	421.075
329	421.078
330	421.046
331	421.058
332	421.038
333	421.019
334	421.107
335	421.059
336	421.049
337	421.069
338	421.054
339	421.049
340	421.008
341	421.057
342	421.025
343	420.98
344	421.072
345	421.086
346	421.057
347	421.057
348	421.105
349	421.029
350	420.994
351	421.055
352	421.051
353	421.113
354	421.046
